0.89265353574538 0.41253405367476 -0.1816186105 0.00416666666666666666666666666667
0.41253405349427 -0.1816186106415 0.8926535358 0.00416666666666666666666666666667
-0.89265353581699 -0.41253405360785 -0.1816186103 0.00416666666666666666666666666667
-0.18161861061164 0.89265353575721 0.4125340536 0.00416666666666666666666666666667
-0.412534053403 -0.1816186103573 -0.8926535359 0.00416666666666666666666666666667
-0.18161861048705 -0.89265353573635 -0.4125340537 0.00416666666666666666666666666667
-0.41253405329678 0.18161861059858 0.8926535359 0.00416666666666666666666666666667
0.18161861040005 -0.89265353580026 0.4125340536 0.00416666666666666666666666666667
0.41253405337053 0.18161861043105 -0.8926535359 0.00416666666666666666666666666667
0.18161861060113 0.89265353580556 -0.4125340535 0.00416666666666666666666666666667
0.8926535358559 -0.41253405347962 0.1816186104 0.00416666666666666666666666666667
-0.89265353587267 0.41253405348737 0.1816186103 0.00416666666666666666666666666667
-0.29209374254775 -0.2957670279471 0.9095070702 0.00416666666666666666666666666667
-0.29576702800053 0.90950707010162 -0.2920937428 0.00416666666666666666666666666667
0.2920937424465 0.29576702804709 0.9095070702 0.00416666666666666666666666666667
0.90950707016094 -0.29209374291957 -0.2957670277 0.00416666666666666666666666666667
0.29576702810041 0.90950707010125 0.2920937427 0.00416666666666666666666666666667
0.90950707019904 0.29209374269969 0.2957670278 0.00416666666666666666666666666667
0.29576702791953 -0.90950707016007 -0.2920937427 0.00416666666666666666666666666667
-0.90950707010308 0.29209374320099 -0.2957670276 0.00416666666666666666666666666667
-0.29576702782073 -0.90950707006374 0.2920937431 0.00416666666666666666666666666667
-0.90950707022852 -0.29209374270916 0.2957670277 0.00416666666666666666666666666667
-0.29209374244338 0.29576702774267 -0.9095070703 0.00416666666666666666666666666667
0.29209374284962 -0.29576702764898 -0.9095070702 0.00416666666666666666666666666667
-0.57522571803423 0.024120572831436 0.8176390226 0.00416666666666666666666666666667
0.024120572789546 0.81763902248462 -0.5752257182 0.00416666666666666666666666666667
0.57522571817002 -0.024120572982936 0.8176390225 0.00416666666666666666666666666667
0.81763902257224 -0.57522571808047 0.02412057267 0.00416666666666666666666666666667
-0.024120573040203 0.81763902240687 0.5752257183 0.00416666666666666666666666666667
0.81763902248595 0.57522571819012 -0.02412057298 0.00416666666666666666666666666667
-0.024120572818646 -0.81763902255411 -0.5752257181 0.00416666666666666666666666666667
-0.81763902254031 0.57522571812836 0.02412057261 0.00416666666666666666666666666667
0.02412057271169 -0.81763902255726 0.5752257181 0.00416666666666666666666666666667
-0.81763902261693 -0.57522571801191 -0.02412057279 0.00416666666666666666666666666667
-0.57522571789719 -0.024120572709882 -0.8176390227 0.00416666666666666666666666666667
0.57522571790221 0.024120572590093 -0.8176390227 0.00416666666666666666666666666667
-0.12883316154878 0.052247640658675 0.990288948 0.00416666666666666666666666666667
0.052247640687509 0.99028894795279 -0.1288331619 0.00416666666666666666666666666667
0.12883316170222 -0.052247640280344 0.990288948 0.00416666666666666666666666666667
0.9902889479523 -0.1288331619068 0.05224764068 0.00416666666666666666666666666667
-0.052247640388342 0.99028894796857 0.1288331619 0.00416666666666666666666666666667
0.99028894797523 0.12883316189678 -0.05224764027 0.00416666666666666666666666666667
-0.052247640388342 -0.99028894796857 -0.1288331619 0.00416666666666666666666666666667
-0.99028894796071 0.12883316189489 0.05224764055 0.00416666666666666666666666666667
0.052247640527268 -0.99028894794823 0.128833162 0.00416666666666666666666666666667
-0.99028894797575 -0.12883316189685 -0.05224764026 0.00416666666666666666666666666667
-0.12883316169525 -0.052247640297519 -0.990288948 0.00416666666666666666666666666667
0.12883316163624 0.052247640443032 -0.990288948 0.00416666666666666666666666666667
0.71800638599634 0.65744687629665 -0.2285397876 0.00416666666666666666666666666667
0.65744687632885 -0.22853978781003 0.7180063859 0.00416666666666666666666666666667
-0.71800638609175 -0.65744687619245 -0.2285397876 0.00416666666666666666666666666667
-0.22853978771776 0.71800638595579 0.6574468763 0.00416666666666666666666666666667
-0.65744687625165 -0.22853978771795 -0.718006386 0.00416666666666666666666666666667
-0.22853978771532 -0.71800638604813 -0.6574468762 0.00416666666666666666666666666667
-0.65744687630862 0.22853978786823 0.7180063859 0.00416666666666666666666666666667
0.22853978769129 -0.71800638587265 0.6574468764 0.00416666666666666666666666666667
0.65744687629784 0.22853978789925 -0.7180063859 0.00416666666666666666666666666667
0.228539787811 0.71800638583455 -0.6574468764 0.00416666666666666666666666666667
0.7180063858663 -0.65744687636914 0.2285397878 0.00416666666666666666666666666667
-0.71800638588361 0.657446876385 0.2285397877 0.00416666666666666666666666666667
0.86317647310088 0.46818181670048 0.1890295289 0.00416666666666666666666666666667
0.46818181639709 0.18902952919883 0.8631764732 0.00416666666666666666666666666667
-0.86317647318245 -0.46818181659048 0.1890295288 0.00416666666666666666666666666667
0.18902952909109 0.8631764730593 0.4681818167 0.00416666666666666666666666666667
-0.46818181634271 0.18902952887687 -0.8631764733 0.00416666666666666666666666666667
0.18902952880482 -0.86317647312199 -0.4681818167 0.00416666666666666666666666666667
-0.46818181643181 -0.18902952911284 0.8631764732 0.00416666666666666666666666666667
-0.18902952890024 -0.86317647310109 0.4681818167 0.00416666666666666666666666666667
0.46818181651526 -0.18902952890616 -0.8631764732 0.00416666666666666666666666666667
-0.189029529007 0.86317647313195 -0.4681818166 0.00416666666666666666666666666667
0.86317647314279 -0.46818181662321 -0.1890295289 0.00416666666666666666666666666667
-0.86317647311781 0.46818181670966 -0.1890295288 0.00416666666666666666666666666667
0.77263285681805 -0.51705945071208 0.3683585115 0.00416666666666666666666666666667
-0.51705945054586 0.36835851156143 0.7726328569 0.00416666666666666666666666666667
-0.77263285683135 0.51705945062098 0.3683585116 0.00416666666666666666666666666667
0.36835851161763 0.77263285683698 -0.5170594506 0.00416666666666666666666666666667
0.5170594505168 0.36835851181197 -0.7726328568 0.00416666666666666666666666666667
0.36835851169911 -0.77263285679813 0.5170594506 0.00416666666666666666666666666667
0.51705945059312 -0.3683585114951 0.7726328569 0.00416666666666666666666666666667
-0.36835851157878 -0.7726328568555 -0.5170594506 0.00416666666666666666666666666667
-0.51705945046494 -0.36835851167502 -0.7726328569 0.00416666666666666666666666666667
-0.36835851147131 0.77263285683982 0.5170594507 0.00416666666666666666666666666667
0.77263285691484 0.51705945070993 -0.3683585113 0.00416666666666666666666666666667
-0.77263285692813 -0.51705945061883 -0.3683585114 0.00416666666666666666666666666667
-0.84781923192259 -0.066325775901767 -0.5261211281 0.00416666666666666666666666666667
-0.066325775909567 -0.52612112829657 -0.8478192318 0.00416666666666666666666666666667
0.84781923186713 0.066325775817429 -0.5261211282 0.00416666666666666666666666666667
-0.52612112829868 -0.84781923179787 -0.06632577592 0.00416666666666666666666666666667
0.066325775858094 -0.5261211284642 0.8478192317 0.00416666666666666666666666666667
-0.52612112849278 0.84781923168837 0.06632577578 0.00416666666666666666666666666667
0.066325775948941 0.5261211282916 -0.8478192318 0.00416666666666666666666666666667
0.52612112841393 0.84781923172244 -0.06632577597 0.00416666666666666666666666666667
-0.066325775880036 0.52612112830029 0.8478192318 0.00416666666666666666666666666667
0.52612112848577 -0.84781923167708 0.06632577598 0.00416666666666666666666666666667
-0.84781923179552 0.066325775939649 0.5261211283 0.00416666666666666666666666666667
0.84781923185314 -0.066325775996334 0.5261211282 0.00416666666666666666666666666667
0.0098057432296038 0.94298381585808 0.3326941094 0.00416666666666666666666666666667
0.94298381582041 0.3326941095072 0.0098057432149999 0.00416666666666666666666666666667
-0.009805743379854 -0.94298381578595 0.3326941096 0.00416666666666666666666666666667
0.33269410928185 0.0098057432064125 0.9429838159 0.00416666666666666666666666666667
-0.9429838157881 0.3326941095958 -0.0098057433159999 0.00416666666666666666666666666667
0.33269410927923 -0.0098057432954403 -0.9429838159 0.00416666666666666666666666666667
-0.9429838157882 -0.33269410959584 0.009805743305 0.00416666666666666666666666666667
-0.33269410928238 -0.0098057431884806 0.9429838159 0.00416666666666666666666666666667
0.94298381578888 -0.33269410959608 -0.009805743231 0.00416666666666666666666666666667
-0.33269410955983 0.0098057433917633 -0.9429838158 0.00416666666666666666666666666667
0.0098057433004953 -0.94298381575149 -0.3326941097 0.00416666666666666666666666666667
-0.0098057432878639 0.94298381578691 -0.3326941096 0.00416666666666666666666666666667
0.78559924836618 -0.40515694528256 -0.4676341205 0.00416666666666666666666666666667
-0.40515694490328 -0.46763412060379 0.7855992485 0.00416666666666666666666666666667
-0.7855992482364 0.40515694541877 -0.4676341206 0.00416666666666666666666666666667
-0.46763412062164 0.78559924833635 -0.4051569452 0.00416666666666666666666666666667
0.40515694511848 -0.46763412092132 -0.7855992482 0.00416666666666666666666666666667
-0.46763412081188 -0.78559924811996 0.4051569454 0.00416666666666666666666666666667
0.40515694478083 0.46763412087787 0.7855992484 0.00416666666666666666666666666667
0.46763412081326 -0.78559924822228 -0.4051569452 0.00416666666666666666666666666667
-0.40515694497821 0.46763412087485 -0.7855992483 0.00416666666666666666666666666667
0.46763412090977 0.78559924821641 0.4051569451 0.00416666666666666666666666666667
0.7855992483326 0.40515694511681 0.4676341207 0.00416666666666666666666666666667
-0.78559924829186 -0.4051569451958 0.4676341207 0.00416666666666666666666666666667
-0.7373319991235 0.62085150101978 -0.266242252 0.00416666666666666666666666666667
0.6208515009523 -0.26624225222243 -0.7373319991 0.00416666666666666666666666666667
0.73733199907423 -0.6208515010783 -0.266242252 0.00416666666666666666666666666667
-0.26624225189746 -0.73733199909298 0.6208515011 0.00416666666666666666666666666667
-0.62085150108368 -0.266242252193 0.737331999 0.00416666666666666666666666666667
-0.26624225199098 0.73733199897501 -0.6208515012 0.00416666666666666666666666666667
-0.62085150108368 0.266242252193 -0.737331999 0.00416666666666666666666666666667
0.26624225211643 0.7373319988455 0.6208515013 0.00416666666666666666666666666667
0.62085150116331 0.26624225228426 0.7373319989 0.00416666666666666666666666666667
0.26624225190756 -0.73733199892093 -0.6208515013 0.00416666666666666666666666666667
-0.73733199892085 -0.62085150121756 0.2662422521 0.00416666666666666666666666666667
0.7373319988301 0.62085150132534 0.2662422521 0.00416666666666666666666666666667
0.72687146913561 -0.027488282347565 -0.6862231865 0.00416666666666666666666666666667
-0.02748828218154 -0.68622318643845 0.7268714692 0.00416666666666666666666666666667
-0.72687146913486 0.027488282367536 -0.6862231865 0.00416666666666666666666666666667
-0.68622318641607 0.72687146921703 -0.02748828229 0.00416666666666666666666666666667
0.027488282351505 -0.68622318653757 -0.7268714691 0.00416666666666666666666666666667
-0.68622318651641 -0.72687146911738 0.02748828242 0.00416666666666666666666666666667
0.027488282267397 0.68622318643501 0.7268714692 0.00416666666666666666666666666667
0.6862231866734 -0.72687146897182 -0.02748828235 0.00416666666666666666666666666667
-0.027488282251665 0.68622318654157 -0.7268714691 0.00416666666666666666666666666667
0.68622318662109 0.72687146902234 0.02748828232 0.00416666666666666666666666666667
0.72687146904158 0.027488282337791 0.6862231866 0.00416666666666666666666666666667
-0.72687146904271 -0.027488282307833 0.6862231866 0.00416666666666666666666666666667
0.66536338571219 0.58086026771064 0.4689274084 0.00416666666666666666666666666667
0.58086026755721 0.46892740846545 0.6653633858 0.00416666666666666666666666666667
-0.66536338571219 -0.58086026771064 0.4689274084 0.00416666666666666666666666666667
0.46892740833732 0.66536338585295 0.5808602676 0.00416666666666666666666666666667
-0.58086026748935 0.4689274086914 -0.6653633857 0.00416666666666666666666666666667
0.46892740841011 -0.66536338571435 -0.5808602677 0.00416666666666666666666666666667
-0.58086026757768 -0.46892740858198 0.6653633857 0.00416666666666666666666666666667
-0.46892740851205 -0.6653633858171 0.5808602675 0.00416666666666666666666666666667
0.58086026738054 -0.46892740868429 -0.6653633858 0.00416666666666666666666666666667
-0.468927408369 0.66536338565602 -0.5808602678 0.00416666666666666666666666666667
0.66536338566264 -0.58086026776739 -0.4689274084 0.00416666666666666666666666666667
-0.66536338581453 0.58086026751268 -0.4689274085 0.00416666666666666666666666666667
-0.58012536731633 -0.77909959792193 0.2376097109 0.00416666666666666666666666666667
-0.77909959808446 0.23760971089526 -0.5801253671 0.00416666666666666666666666666667
0.58012536718949 0.77909959798588 0.237609711 0.00416666666666666666666666666667
0.23760971069768 -0.58012536729435 -0.779099598 0.00416666666666666666666666666667
0.77909959809678 0.23760971109902 0.580125367 0.00416666666666666666666666666667
0.23760971084144 0.58012536710117 0.7790995981 0.00416666666666666666666666666667
0.77909959818899 -0.23760971079664 -0.580125367 0.00416666666666666666666666666667
-0.23760971077129 0.5801253671299 -0.7790995981 0.00416666666666666666666666666667
-0.77909959805655 -0.23760971098675 0.5801253671 0.00416666666666666666666666666667
-0.23760971062306 -0.58012536705631 0.7790995982 0.00416666666666666666666666666667
-0.58012536707318 0.77909959816398 -0.2376097107 0.00416666666666666666666666666667
0.58012536718949 -0.77909959798588 -0.237609711 0.00416666666666666666666666666667
0.95866802535794 0.10111360589556 -0.2659542364 0.00416666666666666666666666666667
0.1011136059356 -0.26595423659363 0.9586680253 0.00416666666666666666666666666667
-0.95866802533598 -0.10111360610379 -0.2659542364 0.00416666666666666666666666666667
-0.26595423660051 0.95866802530184 0.1011136059 0.00416666666666666666666666666667
-0.10111360595653 -0.26595423658567 -0.9586680253 0.00416666666666666666666666666667
-0.26595423671369 -0.95866802524935 -0.1011136061 0.00416666666666666666666666666667
-0.10111360576171 0.26595423629928 0.9586680254 0.00416666666666666666666666666667
0.26595423629619 -0.95866802538627 0.1011136059 0.00416666666666666666666666666667
0.10111360579492 0.26595423628665 -0.9586680254 0.00416666666666666666666666666667
0.26595423650766 0.9586680253276 -0.1011136059 0.00416666666666666666666666666667
0.95866802544025 -0.10111360590425 0.2659542361 0.00416666666666666666666666666667
-0.95866802547922 0.10111360579781 0.265954236 0.00416666666666666666666666666667
-0.78443181441898 0.28431902500688 0.5512072392 0.00416666666666666666666666666667
0.28431902481374 0.55120723932663 -0.7844318144 0.00416666666666666666666666666667
0.78443181445102 -0.28431902491849 0.5512072392 0.00416666666666666666666666666667
0.55120723940808 -0.7844318143115 0.2843190249 0.00416666666666666666666666666667
-0.28431902465577 0.55120723940812 0.7844318144 0.00416666666666666666666666666667
0.55120723939514 0.78443181439309 -0.2843190247 0.00416666666666666666666666666667
-0.28431902465953 -0.55120723912155 -0.7844318146 0.00416666666666666666666666666667
-0.55120723941219 0.78443181441735 0.2843190246 0.00416666666666666666666666666667
0.28431902447806 -0.55120723935747 0.7844318145 0.00416666666666666666666666666667
-0.55120723921421 -0.78443181452022 -0.2843190247 0.00416666666666666666666666666667
-0.78443181464211 -0.28431902477902 -0.551207239 0.00416666666666666666666666666667
0.7844318145267 0.28431902470968 -0.5512072392 0.00416666666666666666666666666667
0.16666387849458 0.97946877886814 0.113419852 0.00416666666666666666666666666667
0.97946877890123 0.11341985200014 0.1666638783 0.00416666666666666666666666666667
-0.16666387829638 -0.9794687788787 0.1134198522 0.00416666666666666666666666666667
0.11341985184204 0.16666387841483 0.9794687789 0.00416666666666666666666666666667
-0.97946877891196 0.11341985220138 -0.1666638781 0.00416666666666666666666666666667
0.11341985204992 -0.16666387827336 -0.9794687789 0.00416666666666666666666666666667
-0.9794687788898 -0.11341985209882 0.1666638783 0.00416666666666666666666666666667
-0.11341985188855 -0.16666387838318 0.9794687789 0.00416666666666666666666666666667
0.97946877888374 -0.11341985229812 -0.1666638782 0.00416666666666666666666666666667
-0.11341985188855 0.16666387838318 -0.9794687789 0.00416666666666666666666666666667
0.16666387849266 -0.97946877885688 -0.1134198521 0.00416666666666666666666666666667
-0.16666387849266 0.97946877885688 -0.1134198521 0.00416666666666666666666666666667
0.90354263539452 0.0990026906794 0.4169042735 0.00416666666666666666666666666667
0.099002690497654 0.41690427374801 0.9035426353 0.00416666666666666666666666666667
-0.90354263539777 -0.099002690649756 0.4169042735 0.00416666666666666666666666666667
0.41690427399038 0.90354263517915 0.09900269058 0.00416666666666666666666666666667
-0.099002690425472 0.41690427376515 -0.9035426353 0.00416666666666666666666666666667
0.41690427382215 -0.903542635248 -0.09900269066 0.00416666666666666666666666666667
-0.099002690476563 -0.41690427396975 0.9035426352 0.00416666666666666666666666666667
-0.41690427420499 -0.9035426351108 0.0990026903 0.00416666666666666666666666666667
0.09900269011922 -0.41690427405461 -0.9035426352 0.00416666666666666666666666666667
-0.4169042741142 0.90354263513078 -0.0990026905 0.00416666666666666666666666666667
0.90354263527929 -0.099002690467731 -0.4169042738 0.00416666666666666666666666666667
-0.90354263525633 0.099002690256172 -0.4169042739 0.00416666666666666666666666666667
0.27876240452983 0.34931218553738 -0.8945795207 0.00416666666666666666666666666667
0.34931218559707 -0.89457952059251 0.2787624048 0.00416666666666666666666666666667
-0.27876240452983 -0.34931218553738 -0.8945795207 0.00416666666666666666666666666667
-0.89457952073616 0.27876240471127 0.3493121853 0.00416666666666666666666666666667
-0.34931218548698 -0.89457952066666 -0.2787624047 0.00416666666666666666666666666667
-0.8945795207806 -0.27876240469395 -0.3493121852 0.00416666666666666666666666666667
-0.34931218558431 0.89457952065981 0.2787624046 0.00416666666666666666666666666667
0.8945795207806 -0.27876240469395 0.3493121852 0.00416666666666666666666666666667
0.34931218549754 0.89457952069369 -0.2787624046 0.00416666666666666666666666666667
0.89457952077341 0.27876240459171 -0.3493121853 0.00416666666666666666666666666667
0.27876240446874 -0.34931218558614 0.8945795207 0.00416666666666666666666666666667
-0.27876240439264 0.34931218539077 0.8945795208 0.00416666666666666666666666666667
0.55589623021486 -0.67683321171809 0.4825724658 0.00416666666666666666666666666667
-0.67683321167999 0.48257246598574 0.5558962301 0.00416666666666666666666666666667
-0.55589623030273 0.67683321150332 0.482572466 0.00416666666666666666666666666667
0.48257246587528 0.55589623017153 -0.6768332117 0.00416666666666666666666666666667
0.67683321145642 0.48257246606893 -0.5558962303 0.00416666666666666666666666666667
0.48257246589682 -0.55589623039634 0.6768332115 0.00416666666666666666666666666667
0.67683321159902 -0.4825724660993 0.5558962301 0.00416666666666666666666666666667
-0.48257246616691 -0.55589623016188 -0.6768332115 0.00416666666666666666666666666667
-0.67683321143708 -0.48257246632644 -0.5558962301 0.00416666666666666666666666666667
-0.48257246594308 0.55589623023443 0.6768332116 0.00416666666666666666666666666667
0.55589623019396 0.67683321159265 -0.482572466 0.00416666666666666666666666666667
-0.55589623017307 -0.67683321146721 -0.4825724662 0.00416666666666666666666666666667
